1	0.09771348879	1.856078237	2.100760575	9.251076729	-1.327820728
2	8.006780488	1.097849488	0.6275244427	0.5728555266	2.089501865
3	-1.40785823	-1.714959744	-0.5524032233	-0.3553795672	11.15238758
4	-3.171089408	9.44168456	-2.390578416	-1.200586311	-1.8672859
5	-0.204714175	-3.343317088	11.32547605	-0.04358483645	1.934621037
6	0.6852325304	0.5723008538	0.9780101672	10.17256299	2.031261059
7	12.52559944	-2.3292147	0.1610504584	-1.47664067	-2.050582084
8	1.550718297	-1.240981108	10.40921649	-1.522577935	0.3491201891
9	-0.2312357208	0.2242976939	-0.09089722599	2.130311272	11.61138152
10	-1.872519111	-0.644010743	9.308227181	-1.33664695	-0.07345597483
11	0.9685058967	8.969532379	-0.4029444203	1.734402771	0.09966361251
12	10.91030902	-1.422037405	2.180167629	-0.2920404049	-0.4293741145
13	0.8244369206	7.783008826	0.294114894	-0.9255297354	0.3697515714
14	-1.333333591	0.4500577664	0.9088210783	11.4233272	-0.4765807997
15	0.1045891675	2.379112994	-0.6450598755	-3.189396972	8.992491995
16	10.11271313	-1.458610819	-1.559641536	0.08985925683	-0.6210793428
17	9.798544846	1.038483768	-1.32719385	0.1530424842	2.146155348
18	10.16275832	-0.5675412924	-2.021366015	1.935816645	0.4404733964
19	-0.03781667565	-0.3595411474	1.083140545	9.268776749	0.9108288277
20	-1.655563044	-0.4145468885	0.2590743914	8.289140192	0.1390866905
21	-1.290935158	-0.1298672371	1.723940072	1.86339532	6.526446545
22	0.01026245017	-0.1293947661	7.738657788	0.7285837089	2.373002505
23	-2.36493866	8.284738961	1.761436256	-0.6857124668	1.335756936
24	0.2680577595	-2.895349586	10.00158147	3.318395138	-2.064567638
25	-1.320214149	9.512454168	0.1340801551	-0.3849364793	-2.936178285
26	-0.009767221858	9.665375013	-0.004765544101	0.9128854197	-0.7291541862
27	11.00692491	0.7821672215	0.5010607039	0.1383187437	-1.958211858
28	-1.329520258	1.162797082	0.8549347506	0.7707813552	11.93484603
29	1.071456218	3.333911014	-0.2027619808	11.42802979	1.09355333
30	0.8681814841	1.069517464	-0.2874340859	0.5055533826	9.193571052
31	-0.3548587286	1.745544065	-1.933758236	0.9539259554	9.598141051
32	-0.5334704075	8.254964095	0.9179670843	-0.3158223429	1.035383926
33	1.033048815	7.259177399	-1.450603947	0.06667194684	-1.823029915
34	-0.3242621287	-0.5405288994	2.665981748	1.371488086	9.516721844
35	10.82869253	0.3326374561	2.271391586	-0.5695731582	1.496480007
36	2.450285452	-1.240310692	-1.765372345	9.498995674	-0.01936915046
37	9.731307304	0.8985546059	-0.03494951375	-1.379875157	-2.708139114
38	0.07650175857	11.88664827	-0.274442433	1.001619678	0.9606701058
39	0.7091937572	7.213849714	0.6982282034	-0.4087638278	-1.308786019
40	1.389530085	1.703753733	0.1510754328	-1.203698509	8.497115636
41	-1.172195198	1.86160523	11.49740901	-1.873182326	1.043407072
42	8.720639357	0.2219890948	-1.69552478	1.601641475	-1.863185573
43	9.555420083	-1.601093293	0.5587066849	-0.2213569916	-0.7606742119
44	8.994436833	0.8774967856	-0.3848950993	-0.2253521527	0.1386733938
45	-1.272638217	12.07428341	1.270210892	0.6280580188	-1.03000621
46	0.5538322208	0.3093353984	1.466177657	-1.982310926	11.76254108
47	-0.6891478825	0.6405302371	0.9651549066	-0.8682549276	9.87556647
48	1.956069439	9.717590532	-1.426012677	-0.9408294985	0.03591991782
49	1.233393029	-0.9797745831	-1.697979501	1.15232262	8.782803958
50	6.908512228	0.4360771282	0.7733787378	-0.2786786095	2.371570239
51	0.4320069986	2.29975062	10.60647261	0.1284597334	0.7702855499
52	1.369722199	-1.225478014	1.223074778	7.59708147	-0.5776839986
53	-1.31808884	0.1796112989	0.4673384428	10.53004147	2.192713884
54	0.5126340219	0.3350639443	-0.953809665	7.770669902	0.7080740052
55	0.506813519	11.88755923	1.258221316	0.8803657829	3.583712207
56	-0.5795484231	0.9257185036	-0.2840069779	1.193702849	10.88746141
57	-1.950153734	0.8739284469	8.919473318	0.2206442353	-0.7872680932
58	1.64330725	1.078028735	1.887951866	12.30625334	-0.5202134961
59	-0.7440493575	-0.0463115481	9.115261725	-2.121078779	-0.5035644069
60	0.9476276071	-1.305617259	11.63451233	-1.489717734	1.522358421
61	-1.735197065	-0.5523406806	0.6232129564	2.881945449	11.47247261
62	0.9586671762	-0.5306107348	-4.108216785	10.56133378	1.323094678
63	0.957148111	-0.7078310872	2.152377472	12.45123013	1.486172024
64	-1.611812021	0.3220072325	1.046974994	9.678531423	2.481231582
65	-0.2224773612	1.247659412	-0.8753357327	8.417815739	-1.397136947
66	-0.2576384116	0.7782539777	8.967685209	2.548807708	1.75798298
67	9.583441304	0.6158300943	-2.722914423	0.5599465987	-1.468815446
68	0.3564651029	-0.123510032	10.25736677	1.750064031	0.5895555846
69	-2.370660834	10.40060159	1.441159666	-1.781635059	-2.390980309
70	10.29236494	1.859643085	-2.456659105	0.5780874984	-0.5262342389
71	0.4100894334	7.541972987	1.956772521	-1.704077866	-0.9823774528
72	0.05051007573	11.59258603	3.219871951	-2.315863207	0.1509277768
73	0.5954292303	0.4946951044	10.44607856	0.6400505197	0.3558411474
74	-2.171664226	11.20399252	-1.079571841	-2.367667206	-1.296313532
75	-1.021648744	-4.777981225	10.69335469	0.2832832258	0.5245919786
76	-1.38116921	1.05492897	-3.572429404	10.67034225	0.2905284966
77	-0.5633650938	6.180835733	-1.255961928	0.55225655	0.8088872814
78	0.2166553051	0.5559325136	-3.20397258	12.49050655	-0.4666161424
79	9.96392035	-1.788156058	-0.1194121627	2.074976534	2.183119369
80	-0.3330498282	-0.06959212118	0.5313821146	-1.050791424	9.526344978
81	-1.322354169	-1.934314585	0.2651827379	11.1488934	-0.4133467039
82	-0.1266432857	10.99112775	-0.7845676797	0.0636452332	-2.222099402
83	0.6983524759	9.710835928	0.1076723573	0.5068736066	-1.237996185
84	0.3972497214	1.005577172	-0.5913808457	0.1242681519	9.206536251
85	12.01454251	-0.05223519201	-0.7918673716	-0.4326882631	-1.286250529
86	-1.178561238	10.54598396	-2.633081355	-2.43736678	0.3429405231
87	8.805514282	-3.445286064	-0.8582734834	-1.170771061	-0.3048188188
88	0.4058514571	1.781230923	10.69789725	2.604922577	1.55345441
89	-0.04243504864	8.998418637	0.4315214841	1.321968809	-0.4737289533
90	-1.090841015	0.3217132121	1.335404329	-1.749642069	9.819087556
91	0.3624025796	-0.4796412689	-0.0338295654	8.663380539	1.440692826
92	1.034205227	-0.6098553752	-0.9395474999	10.77536265	-0.1589801862
93	0.4279461173	11.25241157	-1.75768491	-1.528129054	-0.2680608189
94	9.106586257	-0.312483009	2.111206191	-0.5751756987	0.3239308793
95	0.2474694147	8.102816281	-0.8304720235	2.009497229	0.4496550476
96	10.32819988	1.298477557	-0.07601113038	-0.4995398542	-1.842427336
97	-0.7220804098	-0.4530019623	0.1630792494	0.5588783639	8.598573849
98	-1.347587203	0.4604926673	0.2265918963	-0.3025476606	8.878217539
99	9.400589665	0.3200541662	0.09098468939	0.5477608997	-1.882886697
100	-0.9988996661	-0.7262590825	1.276411432	-2.834906558	10.29018733
101	-1.909560562	14.72148448	-1.418068606	-1.353578835	0.01153518037
102	0.3836535814	-1.134692843	-0.5735462064	-1.254938988	6.371462466
103	0.02132179116	-1.183471726	11.27688014	-1.705030045	-0.4540331388
104	-0.1202606865	8.640182615	-0.9232089365	-1.401589844	-0.2109405724
105	8.747585642	1.300107294	-4.086003796	-2.116628365	1.646042135
106	0.7560286823	9.297370236	1.561893577	-1.496260912	3.218513523
107	-0.01006190637	-0.07288984822	-1.989581055	10.42882809	0.4754570079
108	-0.03313412032	-1.357950602	1.302615024	10.32797355	-0.7040430231
109	9.306296265	2.474162187	0.3215355021	-2.769403469	0.6770481212
110	1.296464078	10.19232085	1.323566803	-1.121981762	-2.649286987
111	-1.38098626	-3.235228289	0.5456512851	1.383918642	11.03276311
112	1.381666217	-2.817403329	0.8516929983	10.75917324	0.6656684533
113	-1.241109878	0.8219010277	11.46462326	1.545237182	-0.07747693153
114	1.595719404	0.4396405955	-1.842491604	3.119813526	12.24087569
115	2.750429287	2.25742273	0.3921954682	0.544660754	10.14903862
116	0.05337675762	1.336496259	-2.094709039	-3.05312086	10.78806105
117	1.022167443	0.2357397124	1.459261009	-0.7203454892	9.725068702
118	-1.103882714	1.520576092	-0.7659611406	10.86263599	1.511952413
119	-0.5733596735	1.17303052	-0.3943992942	10.1088064	0.838716942
120	-2.424831568	-2.193766265	-1.128316868	0.8288515433	10.43815484
121	2.377109914	-1.025514886	-0.3942695817	9.116601734	-0.33894034
122	1.600702514	2.763028961	7.741973891	-1.443111867	-0.03881260138
123	-1.78352971	-1.063982203	0.27030596	2.022815178	10.11844155
124	0.3664319748	-1.116432984	9.756060192	2.514388927	-1.284332456
125	8.810634772	0.778711367	1.474667083	0.4793102218	-1.294560136
126	10.03985077	-1.659293645	1.779915572	0.8625558069	-0.9697449902
127	-0.4708789684	10.4659973	1.978384042	-1.650095044	-0.1066790381
128	0.01130953839	2.711383146	0.223509706	0.4070863428	8.837788278
129	11.62566861	0.5609521666	0.8394150389	-0.356962362	-3.479583444
130	-1.268891048	-0.07831910388	8.185951489	0.4683143167	1.516801776
131	10.17414977	-0.6099077389	1.628652854	-1.96118888	1.31596287
132	0.152006275	-1.15991031	2.952447139	6.103853508	-1.542541677
133	8.807097952	0.4541185097	-0.6253234171	2.15412884	0.8217403294
134	-0.9832596374	-0.7143314645	-0.08475301009	0.7953569409	9.840362941
135	10.04298816	-0.7675486946	0.3193249226	-1.091436148	2.237590266
136	-0.3055100875	1.275440673	9.750070568	1.477836414	-1.432490897
137	-0.6423978667	10.42041743	-1.046527402	0.3445011065	0.616838932
138	0.8317245751	1.334322507	-2.817147317	7.82901936	0.1029997574
139	-0.1516912393	0.3860340394	0.7141199188	-1.522279301	9.48929169
140	-0.7477928768	0.09023383144	0.6285708897	9.00931722	-0.9746085902
141	3.065752026	0.7000763868	11.75361904	1.231738132	-0.4348418033
142	-1.744056901	11.25318157	-0.7640900822	2.621011845	0.1803222068
143	1.34372386	-2.020343934	10.11271654	-0.4563584812	-0.7146739424
144	-0.8600014335	-0.6907661922	11.73816825	0.5234606792	-1.115793726
145	2.050234717	1.98282993	0.475205311	10.64585691	-0.6775349828
146	1.705135284	12.79892126	0.2377467399	0.3096079364	-0.3651039213
147	-0.3410032599	1.435888156	-0.08968728693	9.947081856	-1.129159056
148	-1.592071334	-1.470886756	0.3542183457	0.2832022033	11.22884221
149	1.697453234	-0.2754858256	9.203155757	-0.04333922263	1.640936014
150	-1.666034283	0.1255598416	11.6700538	-0.3670917756	-2.324502313
151	-0.8014412469	-0.8894903956	-1.218954443	10.4739634	-1.022356719
152	11.89170459	2.240149857	0.1223654664	1.485122454	0.7109033379
153	-0.1183509306	12.43509572	-2.006780891	-0.1992084984	0.9981072047
154	1.378147087	-0.4099369814	10.67574561	-0.9432351486	-1.383235271
155	-0.07286687294	-1.832567844	8.219040928	0.3064811857	-0.8536378911
156	-3.35669073	-0.2539228654	2.312090502	8.858253938	-4.069490638
157	11.27611957	0.778857132	1.59294552	-1.001187211	-0.7935375185
158	-1.148425772	1.027188248	-2.953426299	11.88375198	2.299221435
159	1.186105414	-0.2479934147	-1.70546238	9.133189474	-1.313938295
160	-1.336316255	0.285129274	0.004062595735	9.239365806	0.4569017174
161	-0.06302408147	1.400422753	1.373268087	0.4285444438	10.01466913
162	1.219504931	-1.536560446	11.09554712	-0.6538683662	2.667031322
163	0.9866283738	9.922647983	1.855215934	0.8336631899	0.6649210684
164	9.109577223	-1.795651186	-0.8909628075	-0.659799278	0.6460483024
165	-1.339225288	1.805665594	8.820548313	2.336149952	-1.767769255
166	10.24259275	-0.640259507	1.084481366	0.601316468	2.479740575
167	1.349048858	2.948116045	-0.4857250677	1.48711093	11.869556
168	-0.8947512495	2.457311691	10.02596513	-0.03469248316	-1.422087844
169	0.1770023857	7.739196374	-2.495675362	1.463804222	0.8840783468
170	0.2780345194	-0.4806902114	-1.74746894	9.751551566	0.9099712595
171	0.3383464754	-0.1871586831	10.87318847	0.8754634872	-0.6541336268
172	11.93895889	1.499003221	-2.723234675	0.8204282923	-0.4987498155
173	-1.815749615	0.9162041567	-0.3624073441	12.45939359	-0.3225386451
174	3.050464377	-1.429702961	-1.178167783	8.627086384	1.604267176
175	-0.1931421485	0.6206602992	0.5555308966	0.1505393338	10.74566639
176	9.91380399	3.047990119	-0.9944065131	1.340476492	1.770763531
177	-3.682960722	-0.5025313122	2.391539275	1.743468325	8.086769735
178	0.3682123344	8.293100884	-1.372228254	-0.04965208785	0.9526578224
179	9.939889603	-1.731539183	-1.65108077	-1.342998956	2.806284099
180	0.3537456383	3.823518335	0.006342213792	10.80776189	-1.440802541
181	-2.405103727	-2.421467611	0.171851461	6.578874052	0.2016123985
182	-0.6833917232	1.913248807	-0.05726949735	10.14964369	-0.1375156372
183	1.374922312	1.035078921	1.361234199	11.7342214	1.656511341
184	11.80066887	-1.087357209	-1.33048625	-1.337294505	-0.5822559597
185	0.8837350708	0.2349151305	10.24091697	2.909064588	-0.3671008814
186	9.273626945	-2.262387722	0.3309847531	2.719966338	-0.08659174094
187	12.54608431	-0.4463074163	-2.466253885	-3.527400947	-0.1062837837
188	12.14102851	1.857844808	0.7089922859	0.2558407144	0.6086086055
189	-2.283958308	9.429452745	1.217424364	2.295772587	2.008382864
190	0.2359027041	0.205481628	9.830274998	-0.5875372513	0.6229663554
191	-2.215948476	0.4630251651	9.675385406	2.047783889	-2.231410352
192	-0.7086306172	7.805219217	-0.4769721678	-0.8011794202	-1.538048958
193	0.9146435213	7.928382785	0.2977947826	0.7839472876	-1.56240834
194	0.009242660046	0.249355604	10.31501221	-0.540673718	2.094115351
195	9.498212312	2.700645487	-0.4319370079	3.467740045	-1.371117415
196	-1.351998561	0.3301796411	7.218676049	0.781116392	0.1811466067
197	-1.775628777	-0.1893836134	-0.09626353649	1.729388883	9.924100456
198	1.081000491	-0.8709320568	1.404698217	11.47662984	1.065013903
199	8.626199911	-0.01878495143	1.075353183	0.3543045046	-1.898353278
200	0.4417558285	0.4808942579	-0.02041188908	-1.079103729	10.75856833
201	-1.104528153	11.22455044	0.2138505009	1.802651532	1.532967486
202	-0.5265343166	10.42678053	0.3231439594	-0.9569749801	-3.062879421
203	-2.041171632	-0.0636534487	-0.3402787226	10.48647861	-1.745053969
204	0.8021863168	-0.2214809268	1.564236497	-1.203361074	12.15075633
205	11.180032	-2.200276975	0.7489922047	-0.5452714958	-3.070481729
206	11.20596904	0.6376767651	-1.866244064	-2.031210702	0.04604327812
207	-0.4170625093	-1.24674257	11.29337511	0.008140520503	-1.518791846
208	9.062319482	1.994615831	0.9305847033	-0.4648487552	0.6668011259
209	11.20848629	-2.826497865	1.118753431	-1.662763438	2.7550821
210	-0.1848957894	1.24408146	2.393767993	-0.08318489976	9.333217464
211	-2.067407527	-0.8320905732	1.821226764	10.57508858	1.532867784
212	9.953488418	1.1450889	-0.0831241204	-1.301874983	-0.4456926931
213	-1.998629531	-1.959050732	0.8650876297	10.24462731	0.4859272065
214	-3.529638892	-4.20655695	1.091296012	1.716023114	9.709327053
215	2.081224935	10.64084624	-2.676646907	-1.415599825	1.967145415
216	-2.088324329	9.876572125	-0.3231920366	0.003820994794	0.3525686177
217	-1.140732195	1.397789715	7.862132472	-1.007392879	-0.3639202238
218	2.916220697	0.2793878675	-0.1521510088	2.642042947	8.917549179
219	-1.013376325	10.17224147	0.2454858544	-0.9153663048	0.03251494535
220	8.024014315	-1.807331783	2.857156543	3.635361137	-1.177967516
221	9.04928296	-1.831816525	0.4167193148	0.2094135875	-1.498314098
222	0.482017315	-0.2275690627	10.08127283	0.5869394522	1.101593994
223	0.1292651141	-2.851570086	9.063644818	-0.6638504339	1.411668421
224	12.02499735	-0.5500048751	-2.193832399	1.526786549	-1.361934696
225	-1.262275293	-1.492988823	-1.768061242	-0.09770285377	10.84578792
226	0.4196273503	10.61478443	0.4862888567	0.4118794815	-0.5911424769
227	0.6479730808	-0.9075390634	9.902299743	0.7069947483	-1.367350132
228	-0.8102402879	1.534337623	-0.01602080453	-1.383452083	8.637214136
229	3.539752545	10.80056529	-1.348181474	0.8424119893	1.682489208
230	9.564904796	0.8702767802	2.90649118	-0.2684523469	1.956669928
231	-1.230354689	-2.278933665	-0.1712268689	10.97840616	0.8838813002
232	-0.8468547739	3.298534042	1.902689434	2.291677758	10.10825643
233	0.7157925654	13.87619884	0.54195823	-0.3004709958	-0.2224041176
234	0.920953573	-3.388837342	10.18802587	0.239392294	0.7155705558
235	-0.3887119707	-0.4969499427	9.932381053	0.3773587129	-1.73338973
236	2.172129258	-1.400381108	-0.07466818438	8.141358361	1.112130958
237	7.833156591	0.712131678	0.2741742437	-2.546775783	-0.6315848346
238	-2.286169972	0.305576885	8.508887165	-0.8974592334	-0.6128850292
239	-0.1751552222	-0.1239634739	1.094666564	1.37550701	8.18432957
240	0.3321334307	2.094175463	1.452570508	-0.495753734	8.95117293
241	1.416010896	8.459851158	1.997137668	-0.9547172783	-0.08034219916
242	-1.524945978	10.20458257	1.965496169	2.678227291	-2.152113157
243	0.2979121819	0.5245421629	-2.721519012	-1.16413413	8.299123952
244	9.78942804	-0.4264964905	-2.292197519	-0.2323470429	1.735171614
245	0.9085587671	9.336496746	-0.7849504592	-0.9000726358	-0.3958044013
246	0.2917141493	3.553768694	9.658295721	1.968753452	0.2490784016
247	0.9649410846	-1.116991701	9.474328326	0.688629738	-0.4902175131
248	1.27413984	1.220299436	8.760302053	-1.527679227	1.097458392
249	10.01076951	-2.590315129	0.1856113411	-0.9282092087	-1.749059144
250	1.364127849	-1.266792134	-1.107257081	1.265112516	7.845904824
251	-1.423337899	-1.045891173	-1.458334113	0.7883151845	12.31569178
252	-0.6260048119	-0.5286813601	-0.4328467017	-0.04471574654	12.37472724
253	0.3649496901	0.2003601671	1.32249167	-1.319012098	8.556088354
254	-2.628711214	0.877268509	8.828416333	0.1425536779	-0.6665190027
255	3.113641417	10.76572867	-2.202901906	-1.706282788	2.569098616
256	0.7198236768	12.66024439	1.184668813	0.2618179992	-0.6780321428
257	-2.690207538	-2.302311371	8.916110064	-2.480599566	-1.820024893
258	-0.2488806761	-1.756260751	3.860631118	0.8513162775	8.354164001
259	9.485088895	-0.2204203489	1.989320874	1.054562974	0.9848924297
260	0.224032401	-0.127906811	-0.5791541509	9.700623628	0.8767091932
261	0.3375673234	-0.3397988445	0.5602851742	10.67807442	-2.022745306
262	-0.3952208418	11.65199572	1.202882724	-0.001423798634	-1.193189245
263	10.48934569	0.3997092779	0.4645754422	1.534419737	-0.8213198147
264	0.2027234321	0.3935323145	11.19392735	0.05795868992	0.4382516237
265	1.916455639	1.098086641	8.795962921	0.5903603762	1.168871616
266	-1.179323041	0.4910041859	-0.5716245711	10.32769272	-0.2029971623
267	-0.05751837697	-0.801690236	1.517218141	8.843707503	-0.6777132987
268	0.7110790483	1.114663427	11.82927818	1.076591885	-0.5506943151
269	1.454910293	9.23480914	1.265617673	-0.1406761271	0.1162391327
270	0.458254293	-0.938571052	10.64778131	-2.423921072	-0.1629967954
271	8.222012688	-0.4047106399	-0.3036013022	-1.1145494	-0.2511926794
272	-0.6618379682	10.78476315	2.061129903	0.5918319179	-0.8862117922
273	1.766110711	-0.1287766588	-1.46445987	-1.150577255	9.342314123
274	1.608593974	-1.098203212	0.5657906487	12.07732447	-0.06241770966
275	0.6884764964	-0.06189230048	-2.729071831	9.109811384	-1.160680761
276	-0.1924646597	-0.2689205476	10.54657072	-0.3053299465	-1.354336392
277	0.4903283523	10.71465797	-0.8057345457	0.9187160551	1.327236468
278	11.46552775	0.1684123698	-0.3735402266	1.315335454	0.4953502051
279	-0.05894939845	-0.1834581331	-1.259864541	-0.08911282013	10.86685687
280	0.7903021717	7.507695069	0.322564573	1.552546032	-1.002674825
281	2.296479136	0.5780808725	-2.838564251	6.034330069	0.7937508751
282	9.33317323	0.9658497611	0.2265545497	1.003486498	1.641120806
283	-0.9335548028	-2.921498915	-1.256665482	-1.356798756	12.23309878
284	-3.150481063	10.08520021	-1.042339536	1.028335121	-0.5343382128
285	1.355302497	0.1048484536	-1.835208215	-0.1449021992	9.856781486
286	0.8829891558	8.645673664	0.904650087	-1.376823963	1.844456151
287	1.320461465	-1.490298161	1.165643212	11.27495512	0.790934079
288	0.4740418257	-1.682008939	9.966674191	0.4610183315	-0.5270307125
289	0.5087154056	0.5934276847	0.3424956525	9.563995013	-1.626565577
290	-2.739999324	-2.241821798	-0.04031697257	-1.230849266	9.457372039
291	2.253199279	0.8968111792	11.2843742	1.234464163	2.18011239
292	-1.455460691	0.5308821797	0.6567624179	11.14899107	-1.525887732
293	-2.952365901	0.9506687672	-2.638413523	9.088311041	-0.8686332577
294	0.7082358658	-0.002311002116	0.2449273261	9.278995535	1.82886688
295	12.98055287	-0.2801735193	-0.9655016727	-0.9154268537	-0.380187397
296	1.574763219	-1.481364788	-1.235121428	-0.6988402656	9.825805712
297	4.382607487	13.16438488	-1.241335778	2.457522911	0.3129315816
298	-1.998801334	9.79299025	1.000481797	-0.4490448555	-1.383648263
299	2.052605152	8.593374266	1.039705305	1.105779692	-0.4879817595
300	10.06319923	1.800485069	-1.514445328	-0.1499846261	0.2302538315
301	-0.7454083525	0.3569122076	9.638433044	-0.1617916801	0.9925760131
302	-0.3585553925	1.033741632	0.2155565886	0.522260987	12.09126627
303	12.1301974	-3.019676479	1.933154239	2.824026982	0.7362717888
304	0.3018531476	9.704962845	1.191672013	0.8877716417	-0.009813995031
305	2.499370465	-0.2119380978	-0.3947392053	9.488118597	-0.9061560981
306	1.019870093	-0.5874572824	9.810426317	0.4136855059	1.10987103
307	12.46849606	-1.143460277	0.45155447	0.1541130021	0.917977794
308	-0.2421103117	-0.8495644526	9.343384429	1.047858554	1.380804153
309	0.9410062349	10.88195945	-0.6912130365	-0.7125428514	1.73807963
310	1.364632766	1.388463149	9.546612169	-0.4727111226	-0.5511715007
311	-0.7313212221	-0.1537295685	10.86336804	0.6705322552	-0.5014729483
312	0.1557297557	9.699689886	0.4499264943	-2.651251814	3.178826296
313	1.001748416	1.792985466	0.3135639167	1.15079326	9.214777693
314	-0.0690024018	1.652585912	-2.577077384	0.9931318244	9.644928258
315	0.7183112792	0.3492045973	-1.177984274	0.1340552492	9.880346384
316	1.063234971	1.310149218	3.350104388	11.69101389	-0.4038664986
317	-1.216840107	0.2551148368	-0.077700397	-2.14774556	11.53171164
318	0.6797616351	0.1247262777	0.5384201902	1.59575409	10.44344979
319	2.551376343	2.214173204	-0.6181989301	12.42541547	-1.064097117
320	-0.5135884023	-0.0026284834	0.2231822538	9.769760316	1.354406848
321	-1.582137945	-0.1226013082	11.47353185	-0.9354450823	0.6745145653
322	2.123418627	6.902550339	-1.71772211	0.8551804149	-3.031092087
323	-1.962039391	1.419308354	10.12166123	-0.08893462987	-0.3889732592
324	-1.382096482	-1.224234332	0.9091894709	-1.373929585	11.30784359
325	1.037613081	-4.190870551	8.651833707	1.107734935	-0.2135208097
326	-1.271785144	9.585036065	-4.229098416	0.7262232554	-1.792231051
327	-2.118204551	10.74111427	0.7305115922	0.8110276643	0.8495401094
328	1.218978386	-1.20655646	0.6619087284	11.87868246	0.1630077995
329	0.8231929093	9.948416664	0.5489058212	0.5245811534	-0.9295457711
330	-1.969515106	0.6814950384	9.366108582	0.2709176495	-2.070525095
331	1.577894291	-2.684438463	10.6695017	0.8881955675	0.3530309544
332	-2.70468116	1.423849063	0.6744708035	0.1947021304	10.29340929
333	2.707903023	9.372231476	0.8618368972	0.5637594918	-1.923693658
334	-3.405391528	-0.3876515986	0.13569114	10.44102929	1.36240278
335	12.61502364	0.2835693318	0.765046289	0.07178653063	2.532779581
336	-0.7131018464	1.662924418	-0.3259165167	0.4456318372	9.609520378
337	7.045362571	0.1258713019	0.5467091175	-0.9432688878	-3.629197477
338	-0.4409582269	-0.3631271058	6.782225019	0.005243272474	2.765827378
339	1.145133978	-0.8234231941	-2.206606315	7.931646475	1.469009981
340	10.01476785	1.545608981	0.0473047953	0.541479655	0.09290613008
341	0.5706691238	-2.98615692	10.68490531	1.939337218	-0.2951283041
342	-0.2673768609	0.5714997581	10.61596441	-1.168076127	-1.115113238
343	0.9645659196	-0.4902514781	3.376811689	8.591199732	0.6939451956
344	-0.4327934365	-1.308807318	-0.9875491363	10.54527456	-1.020657412
345	11.67941469	-0.06470777429	-0.9073526429	0.4793531158	1.094864975
346	-1.724933551	9.743051262	1.267651932	-0.5806696477	1.371886008
347	1.408609281	11.46641974	0.4574743916	-1.317057358	-0.4694895667
348	-0.430909237	0.2424737475	0.499101294	10.36347017	1.600983456
349	0.4109280983	0.3649965591	4.155583331	-0.1854488074	8.648581211
350	0.4043383411	-0.7537823888	9.341762504	2.548569239	0.6975390398
351	1.481765853	13.04269982	1.752266075	-1.527015213	-0.03217419898
352	-0.829108353	0.2917877363	-0.44489098	13.70975536	-0.3990380236
353	0.4350334221	10.83937893	0.05707599166	1.707702667	1.284371617
354	1.026607308	0.5062716523	1.567211476	-0.5840968599	8.359019808
355	8.383028773	1.821896322	-1.266774623	-0.4864672151	-0.3294267248
356	0.2024666971	0.1204017075	-0.205517988	-0.2719149737	9.862849924
357	0.5183817421	9.316239236	-0.5998516208	-0.6309527494	-2.70107755
358	9.857222743	1.721739881	-0.2810341321	0.8523392985	-0.335759648
359	0.06969417321	1.139729933	10.43177699	1.269566804	0.9208930011
360	-1.208651303	1.838256579	0.6265769875	-0.6839766987	8.418609894
361	-0.5682783562	1.912959502	-0.2564864989	1.912913614	9.944465138
362	-1.674884679	10.64962285	-1.806762022	-0.8183787119	0.1199098403
363	2.518914865	0.6890984664	0.4148425854	11.04304265	0.5807258992
364	-0.4581633124	-2.747527793	1.076139229	8.39737437	-0.8194993363
365	1.301028055	3.085055852	-1.801026588	9.088593639	1.369261789
366	-2.60519862	-2.08273246	-0.909002405	1.306916239	10.81982891
367	-1.14121846	0.4799009535	2.812457618	-1.307355238	10.14584688
368	-1.224672296	-1.253640487	0.3319257417	9.214109124	-0.1998213019
369	0.7827170983	0.1008970133	-0.06119010387	11.16217605	-0.7512377186
370	-0.2611918469	0.5469527083	11.01789662	-0.5453908204	0.7783761329
371	-1.374011969	-2.256086065	-0.4350945609	0.830030925	10.87130119
372	0.7516468301	12.31557239	-1.474054464	-0.8514228724	-1.008778284
373	0.3869431157	-0.1099040599	10.72783976	-0.01397887622	1.422858248
374	-0.1150381925	3.122218434	-0.5684206205	9.937598564	-1.202217832
375	-1.607248683	-0.5372409643	9.919222404	-1.692794513	0.6803159225
376	11.19215261	-0.2182734002	2.397968707	0.109766125	-1.130624065
377	0.1478318821	8.893729407	-0.1899858201	3.040548728	-1.892158542
378	-1.2536544	10.07969967	-0.531402065	1.016498857	0.5917565878
379	0.492171376	10.95225746	-4.106652771	-0.3123257724	-1.578509993
380	-0.8378113202	0.04100322538	0.3440250025	8.210416537	0.01764172483
381	1.792268114	0.5631443722	1.935428739	-0.2460909867	8.618189642
382	2.221907481	-0.8890194526	0.698974164	8.237867445	-0.6145457878
383	11.71315598	2.646020797	-0.04966369868	1.087120737	-1.090847497
384	3.859664006	1.534482854	8.64846793	0.450042714	0.1142613947
385	-0.1304778446	0.5236709689	6.771996392	1.360248155	-0.7043325833
386	9.454747721	1.084658673	1.785117584	0.495391525	-1.246756401
387	-2.42990365	0.5375932069	-0.4499321085	8.69527855	0.8203628647
388	-1.474612455	1.23868106	9.867933122	0.4883849769	-1.146540124
389	-0.4280474189	0.7582881638	0.5942253904	10.64646648	-0.2371656187
390	-2.340226214	9.901584485	-0.773926937	0.7935089843	0.3923007168
391	0.4837346018	-0.6352593943	-3.094828476	9.740584218	0.8618622893
392	-0.09903512963	0.05592791247	11.23721806	-0.01017343763	-1.735912139
393	-2.753442138	-0.3722614381	10.48006111	-0.6953231296	0.4788594074
394	3.150747945	-0.9234338176	1.600424978	10.88571353	-0.8218438466
395	8.580983475	-0.1950311867	-0.625396485	1.111613591	2.171641054
396	7.338150526	0.0434811357	-2.066773868	-0.4524018823	0.7376497493
397	1.279042348	13.36285029	0.02759589937	-0.3288563192	1.543463946
398	1.286410198	9.310671756	0.6756524474	0.1652595646	1.02229705
399	-2.133881921	0.9572946475	9.873374548	0.05279388472	-1.689443776
400	0.9196924811	1.419937801	-0.8376955997	-0.8326935614	9.363129423
401	-0.3146367655	9.323716245	1.785279492	-0.7394424398	3.073870503
402	11.60855924	-0.2490175779	1.646807971	1.898671634	-1.970144707
403	1.839291974	-2.129676617	10.97118037	1.211525179	-0.5747053258
404	3.118822758	-0.5459459375	0.8761818654	2.35554709	12.13551053
405	8.727408762	0.981858669	1.339026867	-0.2948048417	0.4541640186
406	9.189256164	-1.233910511	0.8704565763	-0.8811328998	-2.183725852
407	0.5481908301	1.136154626	0.6456185195	9.569660083	1.491192314
408	-0.1704405546	0.9724986309	9.959834471	-0.5447593904	0.99365833
409	-1.802985254	11.78049743	2.453229731	0.7534295191	2.498152184
410	8.852405643	-0.3204407196	0.06591087355	-0.4752903033	0.806160824
411	-0.4145045602	-0.6276073858	0.8681504736	10.16122504	0.4920824365
412	-1.011451181	-0.1514839203	10.5911545	-0.9474016853	-1.576412867
413	0.4106025926	-1.622764775	1.576890681	10.92543711	-0.1039929704
414	2.65509216	3.005672424	2.234868922	13.39905714	-0.8205111352
415	0.5897133702	10.31397618	-0.6063339907	-1.12632058	1.882462967
416	11.17174726	-1.348649929	2.667594632	0.4235436589	-1.376789252
417	9.368507163	0.9521968158	-0.5881770331	-1.673566862	0.1619283078
418	1.152329071	-0.5071628888	-1.129772666	-0.5599292074	11.94207706
419	10.77442288	-0.9212668494	-0.8649886758	0.254707958	-0.8722225161
420	-1.251162015	-0.07440339375	1.837880851	10.46132066	1.341217113
421	9.067636491	-1.868208434	-0.5673513367	0.3304276029	1.898206105
422	-0.6233973891	10.16503881	0.2145518677	-1.142357807	1.438604131
423	0.6397534646	8.166119158	1.647696903	1.397731318	1.433551715
424	0.1434916216	0.04764151197	12.34212706	-0.7657927114	-1.996938102
425	-0.758630011	1.232737668	-1.323007822	-3.067670895	9.652733247
426	-1.640691921	8.348284522	-0.8409729459	0.3813653228	0.7885553553
427	-1.387154789	11.32587599	-0.1852915559	0.9119556883	-0.3368298123
428	0.488407672	8.16833172	1.591161318	1.643147585	-1.759369297
429	-0.5138042661	-1.785754011	0.6610915129	10.10109124	0.8386683388
430	0.7804088513	2.179984061	8.105925483	-0.08683910112	1.730695492
431	9.141620629	-0.2373802653	-0.679612792	1.417103676	1.636724297
432	1.182680664	-1.264489281	-1.011440132	9.820595766	2.25216101
433	1.741700284	-0.0962117229	9.156931136	-0.4997915666	0.1690058382
434	-0.9291224105	-0.7276968315	0.7100158148	9.176446491	-0.9736872636
435	9.424479049	-2.239501363	-0.6136757848	0.7609716359	-0.7128317883
436	0.2232001553	1.052806995	8.817605753	0.7425831818	1.367337479
437	9.335523316	-0.01654126121	1.285373591	-0.1920717348	0.3684494898
438	3.333069455	8.123478909	-1.080417267	0.03926182941	-0.1950542024
439	0.05613336132	-0.1974222365	10.62588277	0.4938042239	0.0275396858
440	9.691770169	-0.3600773357	1.24395102	0.1045858202	-0.2962725995
441	-0.2762581945	-1.841999246	0.1437644667	8.448306115	-0.5863237649
442	-2.43257678	-0.2291037543	9.782058334	1.437943856	-1.697694035
443	0.5443240587	-0.08581188868	-1.064737188	-2.306492446	10.49724022
444	1.875833307	11.06759257	1.580210485	1.756477905	1.95348862
445	-1.061610532	-1.798415263	0.7926354997	0.424518706	9.86875759
446	-0.02116311193	1.726568089	1.656354379	10.83271406	-0.6502862887
447	-0.2592758495	2.723918318	2.56255963	9.664481726	0.4805214363
448	0.5100696357	-1.345886497	-0.7861280049	-0.7597932678	10.96572777
449	-2.780776528	-1.656205142	2.404187177	12.69017958	-1.53918013
450	2.655005767	8.674823582	0.2637004135	-0.8668997101	2.329470228
451	1.760946631	0.2102536153	-0.3128108433	8.750196939	1.152563221
452	-0.02006621812	-0.2859715927	11.99583203	0.7771991639	0.7856037682
453	10.55639236	-1.089989054	1.250269347	-1.204862089	-0.9725145811
454	1.203935458	13.50360571	-1.528795052	1.784721409	-0.3650534127
455	0.8081247488	0.9182487459	1.623841135	1.142136173	7.78731911
456	12.96808528	2.913535214	1.240971199	-2.482527649	-1.278566513
457	0.8551830181	-1.089560479	10.76870222	-0.1473261722	-0.1983786191
458	-0.905112672	0.1580840996	2.242729119	9.149036133	0.4044984629
459	0.2807874934	-0.9428469621	0.2144806068	-2.490205872	10.58848578
460	-2.513671502	1.582646141	-1.252700968	0.2787946444	10.6152854
461	-0.8222532793	0.3068414615	10.16270964	-1.236659953	-0.5221435643
462	0.2192894743	0.5102981586	0.3356793955	10.1052917	0.007539507597
463	0.3024097261	0.1143157441	-0.7641361794	0.1492618584	7.700972329
464	-0.6261037058	0.5486495702	10.91453638	-1.609236155	-1.125717309
465	9.232889815	1.633313267	-0.7511387257	-0.02221152296	-1.656592887
466	9.035038379	-2.342211868	-0.1457241143	0.8415918428	-2.175953299
467	10.67336642	-3.587535748	-0.6914128607	-1.64771198	0.7263483228
468	-0.2463010454	-0.3654132945	-0.3641508827	8.097017321	-0.50130941
469	9.869429442	0.4012727491	-1.589657258	-0.5930647912	-1.349628577
470	9.724703076	0.3500289685	1.635678815	0.01214373766	-0.5221251811
471	-0.1791022267	11.77746379	-2.05608656	0.690107595	-1.498876945
472	-2.555595821	9.07666148	0.8375452627	1.533031517	2.387436336
473	10.07204991	-0.01840457974	-0.08183839048	1.955307777	1.364546467
474	-1.849342583	10.14627681	1.15732484	0.6129701153	1.295269325
475	7.705013956	1.775203744	0.2669729262	1.215246884	0.7755964052
476	0.1421112388	0.1306559274	-2.79918483	10.15234117	-1.300027569
477	1.812131495	0.1891581169	8.82424022	-1.727198069	-3.021662294
478	8.046237631	0.1011054907	0.9096620088	0.08875952882	-0.2893562723
479	9.500104048	-0.5801797415	-0.1107670636	1.040484457	-1.436890973
480	0.1291816861	-0.1113104992	9.349998546	-0.2811051341	1.035293137
481	0.8143896503	-0.5369526389	1.894150232	-0.3324254523	10.01790499
482	-0.02101518162	9.215984023	-1.63005155	1.160300862	0.1784895437
483	-1.00542055	1.778706049	-1.253006546	9.795848833	0.1390764386
484	-0.9733040555	10.50074572	-1.602571122	1.374342742	-0.5576137554
485	11.63894611	2.356815988	0.006926345506	0.7332962074	-0.5183039513
486	-0.3924989104	0.9406169251	1.495718433	-0.6184172935	10.60470528
487	0.2600449062	9.149631633	-0.1873616728	0.4626677389	-3.098428499
488	13.17229095	-1.427152091	1.609468142	-1.791730723	-0.5296938798
489	9.194727773	1.454362694	-2.219733443	-0.804525796	0.2748027906
490	-1.279541995	2.201480357	8.566903882	-2.166523368	1.118767015
491	-0.4039387564	9.811490489	-2.102190244	0.1326334884	-3.061639659
492	1.157617753	0.7930340413	9.305291112	-2.651309132	-0.621960409
493	-0.06008868064	-2.25442727	0.6966932867	11.16717608	-0.4284598945
494	-0.7299886021	8.360623543	0.6946125338	0.7748542304	-0.1091403373
495	10.83701646	-0.543181429	0.5112985868	-0.4611573435	1.811545124
496	-0.7905802034	2.766329361	9.207321947	-1.112366829	-0.2153885759
497	-0.7780905542	0.6294627187	-0.646185595	11.7454382	-0.8482985949
498	-0.5204303851	-0.8369962781	10.16901006	0.8123083366	0.2632613697
499	-2.542195601	2.248796572	11.09370442	0.563817017	-2.591480023
500	-0.6238509958	0.06431149204	0.4538863176	-1.131066422	9.451119342
501	10.45576433	0.870232042	1.339979365	-1.594174845	1.706152885
502	8.699678307	2.202382289	-1.321825163	-1.159358005	-0.238803583
503	-0.5414538887	10.12512068	0.5664626667	-0.4797017755	2.241613959
504	0.2266865006	-0.3855368046	1.057721591	0.05767517823	12.02503348
505	8.700538857	0.5530345767	-0.1529325274	-0.4249551993	0.39310118
506	10.02090576	-0.2629357322	0.1515865101	-0.9394987232	-1.677692607
507	-2.854960801	-0.2866285509	12.17436343	1.342242233	-2.608169405
508	-0.2983057621	0.3028691171	0.6443005169	11.16357894	0.03666149833
509	-0.9842384854	7.077920848	-1.395898684	-0.271646722	1.446711483
510	0.8110947888	-1.191212463	-0.1967560576	-0.1373814948	9.54633159
511	-0.9158645835	3.112892324	-1.438799221	-0.4405804875	10.1487184
512	0.8656429498	1.85978934	12.37216908	0.6396747611	-0.9915162904
513	1.229434652	10.38658524	-2.065415542	-1.277892227	-2.100418514
514	3.303730669	-1.976618837	10.36231247	0.3294594633	-0.5501142003
515	0.5022158844	0.01771452073	9.413480394	-2.132971354	-0.1033696415
516	-0.4623376549	-0.1454872631	12.11422785	0.7139564523	-2.352730422
517	-0.7458067039	6.824546497	-0.7166170649	-1.064203372	0.6749984301
518	-0.01406135639	-0.6660616719	-1.737146545	10.23820476	0.02640994126
519	0.6106654019	11.92533303	-1.18810677	0.9890115061	0.01656141492
520	0.2127306908	-1.207172549	1.019555452	8.062823514	0.3021344207
521	0.1675225531	-2.008041517	2.201733109	11.49667329	-3.109986953
522	-1.940431239	0.05238256031	10.37578105	0.03455546755	3.055837093
523	-0.1003036114	1.652520846	10.79621625	-0.1090236071	-0.3184128259
524	8.70265638	-0.6012942682	-0.02302532023	0.851304498	-2.763851656
525	-0.6731074707	1.078528826	-1.049911615	8.268467601	1.161795425
526	2.103609286	12.01221126	-1.328279994	0.4674872303	0.1617475931
527	11.46922602	0.1368084628	-0.8886314236	1.654456761	-2.012017759
528	0.7032566938	-0.04088358164	-0.1028649549	11.72171549	0.9916229749
529	0.180498782	-0.1383209779	10.09730803	0.2045888107	1.10057102
530	-1.210892191	0.8636313237	2.089066324	-0.7639750208	11.7939848
531	12.67483331	-1.896717043	-1.594142068	0.05819080994	0.3610549306
532	12.04197425	-2.409947996	0.7644988915	-1.197407613	-1.126087626
533	1.349811019	12.7903346	1.132972844	-1.060041625	-1.073309732
534	-0.5586810747	0.1287275627	1.674372873	-0.2546600455	9.684305023
535	2.089725666	-2.131194666	0.7818486905	10.5659813	0.102387833
536	-0.3868544251	0.3982547749	-1.610854077	9.773684265	0.2702561818
537	-0.9907875945	-0.5130377974	-0.6025893217	0.1645244484	11.00199118
538	-0.6817545493	0.1819183943	11.94646121	1.474296759	1.172426125
539	0.2291043124	10.27309262	0.3891041773	0.1247540567	0.6617918068
540	1.39710832	-1.242627355	0.0514370018	1.305935049	10.24839215
541	-0.5004932192	2.508874259	2.680368414	11.35217647	-1.210223986
542	0.08261702587	0.4241215433	7.93197243	-0.1616718308	1.266354989
543	-1.05251587	-0.646940482	-1.77417072	-0.4095439819	8.988954043
544	-0.2351577327	0.1310260896	0.5143667973	10.41098221	0.9159940271
545	1.203973761	-0.02957744172	0.9301531186	8.596496228	0.4168729815
546	-0.07311545571	0.01045717501	1.165905496	11.13333792	-0.8746979668
547	0.5432941074	1.63691732	-1.862994291	1.904319545	10.79249583
548	8.320455764	1.663784395	0.5104080641	0.661161162	0.9439727384
549	0.9533540721	-0.8586928672	0.7784190214	11.51984749	-0.9587083813
550	-0.5891828568	-2.259384777	-3.323681052	8.418181563	0.5487926458
551	9.335644748	-0.7186914411	-0.3813114727	0.09561702883	1.843121614
552	-0.6374679888	9.636056296	0.1424608877	1.040947126	-1.265079411
553	-0.06860649616	2.575479932	0.5085207828	6.502841777	0.5468051993
554	10.8228453	1.430793744	-1.048507959	-0.2290142045	-0.9981901216
555	-0.05691719004	0.4212212692	2.337602214	-2.628688285	11.20487693
556	1.034697498	1.681540779	9.211420075	-2.278278119	0.6355750355
557	0.9893130522	1.969619239	1.616667757	11.36944567	0.263209009
558	0.7253231459	-0.2411880324	-0.7735478288	9.562997895	-1.489251023
559	7.098603091	0.4765863806	-1.432365629	-2.853979682	-0.5130566321
560	1.258432888	-1.786545817	12.03049573	-0.9293080814	-0.343909234
561	0.7401141248	1.893557735	0.6513250323	1.049952646	8.93894268
562	-0.2771093371	-1.942496121	0.2716618979	0.4150558621	11.09768924
563	0.6985006837	10.18260802	-2.082057693	-0.1359610485	-1.673996758
564	1.693486593	-0.7272671122	-1.048230595	0.1248393303	11.05812494
565	-1.591358826	10.15411451	0.04048465433	0.2850991116	2.403646872
566	-0.7704504097	-3.433868343	8.826718485	-2.800472282	0.7313934477
567	-1.0375549	2.353764712	7.9737103	-3.24752844	-0.701947586
568	8.299087531	-0.8627108153	-1.757747034	0.9398273451	0.7190495465
569	0.4713461119	0.4681638388	9.635329535	-0.75956534	-0.9583340456
570	-1.134664408	2.029665795	-1.415527783	0.02759545097	8.722593659
571	0.2035707218	-0.9107975074	0.7002766508	8.792890765	2.95276769
572	0.4190839051	-0.5240835517	0.07338186689	1.989835045	10.06387497
573	9.19780725	-1.209463625	2.849621277	-3.146885764	-0.2660067799
574	9.771254945	-0.552561868	0.4026747941	0.9949533227	1.94657047
575	-1.034058486	2.56624218	10.57413624	-0.2279832952	0.7537464363
576	10.04622336	0.7213451403	-0.569063943	1.2547549	0.6937453552
577	0.0779493002	-1.127959709	-0.7555008088	11.58328975	-1.38264787
578	-0.1229206668	9.942464446	0.4006531554	-0.7201952375	1.884057028
579	9.12983216	0.5245710965	0.8811087769	-0.2902787282	-2.347436824
580	0.08287932937	-0.5190486092	10.93080053	-1.603222022	-0.3384450964
581	-1.216773854	0.03888161471	-0.2530535818	-2.022911603	9.815490064
582	9.144377805	0.5545436699	-1.877276056	0.04435639846	1.538130084
583	-0.04378288612	-1.383562327	0.5055255525	-1.535940505	9.741598326
584	8.88261346	-0.007494257033	-1.186369556	2.689040687	1.091738375
585	-1.768909211	-0.523899658	-0.1199650529	12.4901428	-1.649485006
586	2.067455855	-0.111234058	-2.437336076	0.115586332	11.08997378
587	-0.2514279895	11.88591606	0.3500836346	1.948651724	0.9712239268
588	-0.4836917996	0.1523649109	0.1189890312	9.001216466	0.3634112562
589	0.3099487632	-1.811631249	8.862853458	-0.3086948486	1.279717885
590	-0.9509926006	10.29563752	-1.419127377	-1.876389437	-1.342061887
591	-0.7796654647	-0.9326490682	-1.049899324	-1.639085211	10.81192236
592	0.9344754411	8.627314572	-0.1952946667	0.2994024564	-0.2392641402
593	-1.613770078	1.764909065	2.695215089	-0.2939686492	11.93817085
594	1.687369026	2.600585157	-1.358736144	0.462018339	12.19746493
595	1.434542721	-1.602622369	-0.9369282739	9.218953771	0.5176051195
596	1.335884092	11.82789292	0.7062331095	2.418952742	2.757768683
597	1.475733089	-0.9516989484	9.793792983	1.136282203	-0.9820320829
598	10.88912888	0.4002602962	-2.86811366	1.841342388	0.4747331656
599	0.136888631	1.070800647	9.17840037	-0.6973041209	0.6583927337
600	0.6925733284	10.05947542	0.2422095089	0.7628529666	-1.592837003
601	-1.847321064	0.1929252834	8.506074823	0.05454034876	0.6751193999
602	-0.3571743114	7.716701253	0.2844743377	1.562479424	0.8903947398
603	10.26814984	1.270979325	-1.825993234	3.816707323	-3.374659301
604	-2.067721447	0.5488688498	7.811803465	1.932009853	0.5019298993
605	8.757046444	0.1640929004	2.25788302	-1.208650955	-1.541222905
606	-0.4208647062	-1.930336711	9.550852596	-0.1179838866	-0.8610352357
607	8.687606267	2.021219601	-1.665252674	-1.443578149	-1.306594358
608	-1.432841753	11.48391561	-2.239595159	-2.646835768	-1.500034046
609	-0.6765387559	-0.22900081	7.950505022	-0.8607650976	0.04573876407
610	0.2993639493	-0.2173391266	1.120687258	0.1501894147	11.48262759
611	0.03406464236	0.1985904472	-0.9336123801	11.6200105	-0.7371210786
612	0.382526956	-0.669244738	1.248285619	-1.438858279	9.645635695
613	10.30764443	-1.034283501	-2.371450771	-1.931632669	-0.9820470379
614	-0.848033991	-0.7004348591	11.30396841	-1.010170743	2.362799095
615	11.03587815	0.1825801617	-0.3181093943	-0.8116176194	-0.706754471
616	1.066316994	-0.7212090865	-1.73148953	10.2210727	-0.9197487651
617	7.890242536	0.157704287	1.789336964	0.03139001133	0.04147149681
618	8.895388772	1.353763016	3.531288092	1.180941549	-0.453954909
619	-0.05689687379	-1.000271318	10.28023293	-0.3745235811	-2.115708321
620	1.146199638	12.64149548	0.2725226639	-1.273566697	-0.1998786999
621	0.1217693243	0.8133905223	-2.535522356	10.8526384	1.015905486
622	1.376995782	1.921734903	0.06417356195	1.279866018	8.186308214
623	0.509930831	-2.111821547	-0.2635174612	-0.453061832	7.521177654
624	-0.09544225241	-2.923424992	1.049616021	-1.626164542	11.84026401
625	2.197774926	1.609355535	9.232260384	2.209041883	0.7338592487
626	1.093285762	0.8510834692	0.1455215128	-2.358231258	10.69833342
627	8.84510776	2.719836029	-1.165782178	-2.575974498	-0.1086249162
628	2.812585823	1.792774325	-2.035229855	8.665022026	1.776213877
629	-0.6321456016	-2.487966376	10.75343646	0.2518975289	-0.8893794776
630	-1.853858883	7.993001929	0.1528302659	-1.613247964	2.041434696
631	12.65622455	-0.1589141429	0.0811560086	1.002859361	1.982917304
632	2.219903122	0.6899207071	10.97619319	1.383075173	0.2472288497
633	-0.5892506629	9.151489178	-1.819945657	-0.3127617717	-1.047140856
634	-0.6705912203	-0.5471009633	2.951537763	0.1852352616	10.92396877
635	11.85810491	-2.881736446	-1.510297413	-1.079977397	-1.207891664
636	-1.499632405	10.70789317	-1.298430368	1.128476889	2.241312793
637	10.71801428	-2.191267735	-1.179192753	2.64728492	-0.4729399539
638	0.8220439244	0.5355213089	1.133151004	-2.07549739	10.45877159
639	0.3770908042	10.17701081	0.01742525472	0.4741579895	-0.211318625
640	-0.3999270004	1.666984399	9.442751602	-2.141092993	-0.1960218875
641	-3.185383356	-0.3599127296	0.7283077878	11.40470964	-1.133213786
642	-0.5158079797	0.05308624013	12.26703657	0.8891996773	-0.6275154443
643	0.9955091988	2.00288498	10.52014922	1.032991935	-2.308491376
644	3.022904082	1.372988925	1.484519201	-0.1526921949	10.40067243
645	-0.9674083815	10.28738777	-1.991258683	-0.615034856	1.032216712
646	-0.4894403449	10.70959594	0.3393974723	-1.33582692	0.3921165944
647	1.090828296	-1.480101723	9.340812016	0.04283358566	-0.8352594511
648	-1.765070219	-0.6439538779	0.5037541375	1.097309346	8.744176039
649	-0.2003581653	-0.4329975893	7.855473441	0.4573630852	3.403227869
650	1.101550805	-1.665670787	-2.303046367	-2.566565369	10.87313261
651	-0.7733973838	-1.166341917	-0.7298594064	10.08403495	-0.3214879363
652	-1.450616603	2.242326612	10.0159207	0.09095234595	-2.840242247
653	-1.121647968	-0.5029380425	2.288021427	2.276505756	10.41016326
654	-0.2381411949	1.763314788	0.5502858706	9.705646297	0.2219675048
655	12.33332205	3.12122534	2.117208429	-3.169592788	2.686433614
656	-0.914985805	9.071378276	-0.1173012105	0.5966994003	1.194432225
657	-0.7284600288	0.1220662787	-0.9193749107	1.022437122	10.2024199
658	1.096401589	-0.7198149506	10.11836883	2.368618228	-0.6824199736
659	-1.077773271	0.3409633875	-1.254364812	8.531601938	0.5489533179
660	-1.405514217	-0.05246076049	2.490891752	1.739732538	10.88196545
661	1.595761044	1.113557546	-0.497356286	0.8635300985	9.121101575
662	0.6692778592	-0.7936064626	0.7358316983	1.583183993	8.481419588
663	-0.669887646	9.073849723	-1.16892446	-2.109791878	-0.4838893526
664	2.017229705	0.334008914	1.147880388	0.0104766705	8.852166102
665	1.544948818	-0.9583919502	-2.621419909	2.286583759	9.04792785
666	0.5105174912	-1.268217351	-1.669902647	10.44639746	0.6227786226
667	8.105786825	-0.6731468666	-1.256109062	-1.302497548	2.418226928
668	2.364792042	10.80981682	-0.8186955077	-0.5149973792	0.09525772435
669	0.553619805	0.3987775606	-1.697868908	9.678349845	0.1614054351
670	9.632031976	-1.843028543	-2.193702135	2.353046963	1.89961563
671	0.07175974535	-1.344983356	-0.02622797924	-1.024175194	9.219579542
672	2.152095085	9.738879103	0.6115212264	0.7413400685	-2.128247496
673	8.4787494	0.5922207708	-1.188532647	1.145997553	-2.549996956
674	-0.5249546775	-0.629280409	0.6370560355	12.54763856	1.432143724
675	-0.6825986983	0.3746347413	-0.2612660852	10.59944331	-0.4674138846
676	7.919381457	0.971793919	-0.3574818048	-0.9500079994	-0.02490204136
677	-2.379749889	1.063128436	8.144425074	0.22757803	0.5730073631
678	2.318604293	-1.877492158	0.4564415748	-1.427588945	10.10949298
679	-0.4029506517	0.3204071552	-0.7064948427	9.869275073	1.606145682
680	11.04418706	0.02236488449	1.563920242	2.331580154	0.04972471546
681	9.599927033	-0.5220929785	-0.7433368055	-1.505387464	0.8465601598
682	-2.369098738	-0.09156400503	0.7917547045	12.42113565	0.04657625844
683	8.617530616	-0.558587121	1.719541831	-0.05289751879	1.033750806
684	9.22103491	0.1824501818	-0.6434791183	-0.2129211518	-0.6665713908
685	2.531700172	8.928974614	1.354939404	0.4607663119	-0.3603751666
686	-1.605197951	-0.7989982947	-2.020665799	1.795815627	9.940566157
687	1.789435927	9.693368452	-2.211052775	1.095189268	-0.5216868612
688	0.3245673197	0.6836855394	0.5295975125	-0.7435613902	9.127930185
689	1.892138626	1.632938492	10.42344888	-0.005167631932	-0.4602337048
690	2.65631683	-2.391082616	2.294731933	0.1318695849	8.74722359
691	0.8287789264	10.03165641	-0.5541978465	-0.2782226717	-0.8337923629
692	-0.07160240531	-2.52936107	0.1319881469	-1.204013	10.38832693
693	1.247381401	8.915396133	-1.623120733	-1.312332204	0.487345315
694	1.903607654	8.084791573	-1.106822206	0.04318977483	-2.236651622
695	1.108091419	1.731489927	-2.229825555	7.260795831	3.887004935
696	0.02573425835	0.1481028034	1.852305692	12.04236063	-1.682186607
697	1.138786011	-0.4176592243	9.369403155	-1.495046315	-0.551461086
698	-2.25826608	1.044232988	-2.994982547	8.34411276	0.3347316375
699	1.561814521	1.724348519	0.5692792716	6.574023628	-0.00256820654
700	1.166188906	-1.156903502	-0.06120998495	2.423332385	8.82921837
701	-1.032197816	2.526791762	-0.1624308047	8.58404398	-0.8283730168
702	-0.6428697821	2.05794591	-0.3022095036	-0.2644407044	10.32082522
703	-0.7532304201	9.091735358	-0.2648510987	-2.308510829	0.5941409252
704	-0.9004522344	0.6227960636	0.289368697	8.913299723	0.3983994807
705	0.3097651452	10.60825176	-1.609348018	0.7271662893	-1.539824227
706	-0.2855362094	-0.1918714164	0.423957739	1.450750871	9.47079141
707	-0.9757532628	-0.3817712066	9.653466392	1.081165247	4.24916873
708	0.1112867969	9.125616059	0.6422348296	-0.6689819005	-1.782971331
709	0.2037419239	1.480308994	10.46033479	-0.1207376713	1.805005232
710	2.256457887	0.3259939615	-2.759333691	10.08661891	-1.237642118
711	-0.08555444426	-0.3490494423	11.45996885	3.040103267	-0.2051829551
712	3.163635079	-1.585488516	-1.791884047	10.35126831	1.432280931
713	9.603087784	2.07372567	0.5568989561	0.528246345	-0.9012729761
714	-0.008266571081	0.5595416309	-0.3573317513	9.755947009	1.468063277
715	10.45417816	0.5879370665	-1.021700198	-1.586741436	2.082150977
716	-1.725576077	0.4894389196	-2.150476971	0.3022657056	12.73389001
717	9.954212752	-0.6944170179	0.8119367195	2.587723619	0.8105193749
718	-0.2350623391	9.97271471	-0.6148877525	0.5700482688	-2.311102958
719	-0.5710129081	2.331199613	7.89133304	0.008491748886	1.51729034
720	-0.5335902214	1.452235182	9.790406611	1.025537934	0.4278143252
721	0.1322302803	-0.6339172391	11.43460735	-2.009659613	-0.4891792398
722	-2.654396491	9.499338297	-0.8391628441	-2.745412764	0.7408882281
723	-0.1011340089	7.664550015	0.8260711416	-0.1143789572	0.4016772433
724	-2.079418857	10.89243783	-0.3698863317	-0.6099217068	0.303265492
725	-0.7922230515	0.5914809858	11.02153379	-0.9719350591	-0.1066966633
726	0.791843495	0.8028803811	-0.9721493914	-0.3699944579	9.158694568
727	2.722795272	-0.2129659861	0.5621201244	-0.2228276077	11.81990841
728	-1.127322936	9.952128626	-1.052912075	1.242005646	0.1416312004
729	11.61488126	3.899376576	-0.1676726494	2.555963056	0.9017106542
730	9.548495737	-0.6671790633	1.269396936	-0.1885123918	1.680405196
731	2.608994736	-0.1981210886	-1.648539362	1.586019516	10.39979925
732	-0.3093021023	0.6670940473	6.764607433	-1.442811492	0.4559496518
733	1.302671666	-0.7588419132	10.34796914	0.250809789	1.817553829
734	6.792631276	-1.302396086	0.0786615054	0.1471668521	1.405875395
735	12.13975961	-1.795281805	-4.143532311	0.1254566783	0.6466337794
736	7.761745103	1.596438138	1.039363238	-0.4964334845	0.5159851865
737	12.04454089	-0.1168780902	3.331784262	-1.556576402	-1.29852274
738	0.1088005432	-0.1479434051	-0.8550074456	-0.2783264827	10.58339591
739	7.304007052	2.715665123	0.272342366	-0.8475510012	-0.7436087533
740	2.071446583	-1.305872849	1.091639615	1.107687957	10.20809445
741	0.2012941103	-0.1418755533	0.2566792768	10.52771125	-1.06106199
742	0.1864790937	0.4590675246	-0.411004568	11.35059137	-0.7784821148
743	-0.3252386334	-0.257307264	-1.68656963	0.7685825673	9.470851226
744	-1.636295131	8.766656278	0.5683817447	1.256336443	0.5901684318
745	11.40246919	-1.097044849	1.319234695	0.5516061847	0.8225530477
746	1.882428903	-1.023675743	-0.1864355451	8.473187246	1.193763326
747	0.8322169678	0.5749128352	12.25206312	-0.1069775988	0.1070531664
748	-3.212983817	0.6520538228	8.303156629	-1.860253995	-0.006876115563
749	-0.4314705882	-0.6584882909	-1.585970246	11.91562225	-2.027754155
750	-0.3866172375	12.31226697	0.5186804857	-0.6901591699	-0.3436785558
751	-0.08284640869	0.1123200197	-0.5049342612	10.34952417	-1.601275672
752	-0.2068343953	-1.716661121	-0.5693871447	9.755940564	1.711148589
753	-1.954329724	0.207661718	0.7649882834	10.32926293	-1.114665978
754	-2.088703013	-2.02002123	7.773025223	-1.681555771	-0.5215120868
755	-2.116623017	-2.519230293	0.6071905319	1.482502227	10.74650136
756	0.1438952147	-1.787807418	9.554516364	0.6649188927	-1.268627193
757	-0.1805283307	1.481051906	11.4887268	-2.399820954	2.586091578
758	-2.671888004	10.42343662	1.575296561	3.115647583	-0.8535426217
759	10.98666674	-1.446826445	0.7616135447	1.330353462	0.2287761355
760	10.47908418	-3.805008961	0.02696724902	-0.6906292871	-0.2608098551
761	-0.5337777692	0.09579497548	2.272289115	-2.907457006	7.790495808
762	-0.2255533795	1.377843407	10.81874833	0.3637908181	-0.8447471042
763	9.612866338	1.335020684	-1.139236547	0.6388408747	0.03386967641
764	-0.4131193104	9.076407223	1.535767931	-1.262089517	0.6735940765
765	2.469797363	-1.467369325	10.91720742	-1.59620811	-0.373063618
766	0.8191364094	0.4841023393	2.78490096	0.2604025351	9.998195381
767	0.8143459886	0.4572974632	9.233357083	2.486142999	1.148194704
768	-2.527012517	1.233792943	1.072462054	10.126014	0.2124203506
769	-1.408413961	-1.888038535	0.455045782	13.43219976	0.6248251372
770	-1.321055431	9.998240366	0.6653513632	-0.9619255608	0.3169381768
771	-0.2639957777	1.102232131	-2.902416548	-2.156389718	11.29445523
772	9.244788523	0.4850508776	-1.185762525	1.27990999	0.9812891374
773	10.83151956	1.025886156	-0.09603572586	0.6395317159	0.0548235997
774	1.817038444	1.355099168	11.917924	0.5439334427	-1.486698827
775	-2.686946063	7.531802787	-0.375136574	0.6502970124	1.330478516
776	1.337066344	1.105739156	-0.5240885394	0.658275908	10.85944073
777	-0.4536772126	1.055434683	-0.2571540695	11.89073795	-1.182959211
778	-0.328782718	-0.03805943167	1.696550249	11.11121837	-1.023590335
779	-0.972512162	0.5706902108	7.004727129	-0.05489333458	0.7225348629
780	-1.116127721	-0.8397092269	0.4824016546	12.08905377	-1.734465359
781	-3.140483121	-2.057664502	-2.295437272	10.32977421	0.8245782093
782	0.1867222871	-0.00523786007	0.9715413694	0.07239076838	9.491159899
783	0.1184335979	1.344874248	-1.242527414	0.4716735944	7.341150423
784	-0.02538396526	0.09223381602	-1.997968873	10.73308002	0.01250032144
785	-0.9858647547	0.4008584713	1.920834843	8.708093549	-1.624691983
786	-0.8559415783	-1.372656998	10.66836277	-0.8640611658	2.512067647
787	1.186783883	-0.2876543914	1.335671693	-1.257896582	9.853348461
788	9.891935277	1.874307762	-0.9486509901	1.019414635	-1.524760771
789	-2.643905116	9.997388568	1.120949525	1.894581067	-0.107604438
790	-1.553581486	-3.737115548	-1.901228893	2.528959543	12.94631856
791	-0.7323795448	-0.9815985	2.070031449	1.744727309	9.933797991
792	7.168201551	-0.9879935176	0.4012644831	1.874922512	-1.126416209
793	0.01190582306	-0.1207452661	0.6824415786	0.2045538319	10.37265866
794	8.353209257	2.290308877	-1.304940449	-3.771345519	-0.01631708717
795	1.380566596	0.02109291082	9.71625985	-1.027534764	0.6245372937
796	0.1323307036	12.81692869	0.5131593597	-0.9162391694	-0.3677530834
797	12.04598512	-0.693221947	0.5989637666	2.580049385	1.034507597
798	-1.465879976	-3.22625867	1.585565889	8.35451677	-1.636913179
799	10.9788986	-0.8811387513	-2.187438127	3.00245255	-0.3136409536
800	-1.147097619	-1.210668566	0.2293128366	1.984945464	10.04999932
801	-0.235856179	9.918009693	1.162151317	0.594113274	0.6733806318
802	-0.1645113335	8.209167135	4.594657839	0.3362323379	2.009516461
803	0.448444498	-0.5442004252	11.72690964	-0.400784901	-0.8956660907
804	10.73656657	-0.4731556775	0.3111847729	-0.007447664022	-0.8916085503
805	-2.22327034	-0.04151539656	-0.8524762252	10.21925188	0.3689198451
806	0.02651219959	11.86384597	5.525024047	-0.4200457812	0.3254238142
807	1.152349329	8.328897309	-0.3510834951	-0.6901011788	-1.022242385
808	-1.644580021	-0.3278273532	0.3634416167	10.23675997	-0.3200904711
809	-0.3915160381	0.009350203578	0.6030402946	7.017435105	-0.2112826925
810	3.139697908	12.27909588	1.173633954	-1.001000934	2.215755511
811	2.126844748	-2.601269045	-4.584766555	3.00806556	8.963908248
812	-0.9646344889	0.1564223697	1.588683308	1.359000705	6.821102049
813	0.8160456994	1.46344884	11.67341802	-0.3139888979	1.558151511
814	-0.6094584556	10.44753382	-2.586449037	1.074717351	0.06316606503
815	8.739117699	-0.6440492729	2.24077189	0.9840723173	0.04106707258
816	10.45384573	1.889509981	-0.3638164982	-1.472822463	-1.653879121
817	-0.7390253281	1.151469813	11.28009398	2.904347362	-0.376897461
818	1.547475325	1.098520966	10.04086417	-3.383602967	3.126057707
819	-1.234334453	-0.454939245	9.43932502	-1.609259436	0.3318934628
820	9.675820909	-0.1131865671	-0.5994269204	-1.244659326	-0.5145574461
821	0.07197686053	9.521683926	-0.4127256353	-0.8730000973	0.5718506781
822	-0.6247247873	0.7360770042	0.807855799	8.461019676	-1.768694803
823	-1.092096825	-0.5629093716	11.25065843	-0.1699450521	0.01587632409
824	0.5996139554	7.506211123	0.4454717116	2.108505922	-0.2638915448
825	-0.1379488477	-1.739288877	-1.343392306	8.19305149	1.229273164
826	-1.523167394	10.55847786	0.5192433214	0.8415254814	-1.387351935
827	-0.1933492385	-0.3299626261	0.6459321878	12.39921044	1.143901367
828	-0.3379313458	-1.253964003	1.191303492	0.5107597885	8.927312077
829	10.82975532	0.1443069492	-0.9063541226	-1.737572094	0.4496558374
830	1.67944245	1.022830695	-1.020323458	0.4521897235	9.575781248
831	10.20597864	1.239248703	-0.7468838589	-3.132002293	0.4443336066
832	1.328105009	11.17063307	-0.9141722166	-1.958096881	-1.191872887
833	2.462721827	1.155692784	11.59651746	-0.4565720746	-0.1910452859
834	-1.049308732	1.448359896	0.5324986069	10.62290255	1.555423222
835	-1.012295404	-1.129969824	12.81947188	-1.475766473	0.3399515063
836	0.003566896926	10.50912319	1.206560542	-0.6406823432	1.713910354
837	-0.3170147074	8.950229935	0.1434864031	0.1639437745	0.3647130466
838	-1.628266628	11.44811711	0.1062279446	-2.557334427	-1.288063291
839	0.3068340757	-2.748152824	9.080209258	-1.024735386	0.4205696206
840	-1.210816823	8.042566331	1.264192811	-1.676662897	0.7857368591
841	1.224420061	-1.200049579	1.362909849	1.829512455	10.59138967
842	1.682275797	0.5191576451	-0.08520168486	0.5340469774	11.47583327
843	-2.896703697	11.60256813	1.241546886	2.280161238	1.12263035
844	-0.2960521169	2.761060823	0.4113179862	-0.7127709718	9.074425131
845	-1.528822585	11.56203638	-1.613236535	0.05850075759	-2.844908791
846	9.296630966	0.8385578636	-0.4883340497	0.5686668405	0.9603819065
847	9.117194962	0.8352416591	0.9392307402	2.730603262	0.05114681119
848	1.531015382	1.055468079	0.5430674514	7.559193297	0.6216456544
849	1.41598324	10.3300362	1.263702086	-0.1099707998	-2.578747305
850	0.7395178516	-1.860810333	-1.527970954	8.84811737	-0.9079697965
851	0.9978452537	1.938126956	9.861764512	-0.3911625235	0.7588556395
852	-0.3395135663	4.023622284	-0.7044942318	-2.143002465	9.860899115
853	0.007423969035	1.897836421	8.943652212	0.2003095519	1.488672597
854	2.198350199	-0.8248472455	1.315173649	9.686596563	-0.5431591908
855	12.36918009	3.47424469	-0.2464566142	-3.216571843	1.124249485
856	0.3431242116	0.2729570461	-0.6770042325	10.04345148	-1.103221576
857	-0.8871927	11.21967796	1.27887261	-0.9737012886	0.1112550735
858	-0.229812453	-0.7776060616	12.11276846	-3.213027201	0.5209530748
859	1.621769413	-0.5541858122	0.6198785337	8.646244013	1.499128813
860	-0.8453403105	-0.5668751595	10.12202767	-0.3270387964	-0.9142345175
861	-0.17678569	10.09383705	-0.09330400284	0.1772747349	0.9911429813
862	-2.097280504	8.344821494	1.707544853	0.6221539724	0.778356088
863	-1.352084951	-1.805346282	1.926607547	9.615580221	0.7664802669
864	-2.810968202	1.085140747	0.6676064209	0.3304139204	9.642372802
865	2.840758315	-0.833904228	-0.9564143581	-1.10606761	10.39956915
866	0.5314736812	-1.720093876	7.982813474	0.7435892236	0.4687985628
867	1.003161456	-0.5493796294	-1.972561118	-0.1998546702	13.77951632
868	1.302949226	9.464347216	1.590728862	-1.25423891	-1.571050754
869	0.03127097265	2.014492277	0.8851173646	-1.457069058	10.64481417
870	-1.731135379	-1.040596788	-2.342011123	-0.8872393712	6.033366857
871	-0.6930439852	9.190025382	-0.6758783651	0.8985176532	1.178858307
872	10.16853764	0.8325148845	0.6186320243	0.859843608	0.06486199143
873	12.71742035	-1.709458045	1.492551564	-0.4529876787	0.07854370926
874	2.23861786	9.64480662	0.9300214848	-1.495780951	-2.652436902
875	1.529547738	1.152095045	-0.2869475981	9.434988779	0.4450220234
876	11.4657494	-1.171839578	1.02309766	-0.6514179777	0.6808678827
877	11.86568729	-2.506096857	0.2971414206	-0.4932613892	0.7532881203
878	2.026051442	0.4110949947	10.26376007	0.3272707738	2.150436335
879	-1.093243112	0.1921113833	-1.143779272	-0.9174419446	9.521231302
880	0.1763348991	8.55815312	-1.202052434	-0.7184796874	-0.5803720609
881	11.93150338	0.1302842224	-0.9442210242	0.6548349954	0.9513831164
882	0.1206805074	-0.4103313686	11.50855947	-0.1320470886	-1.978267717
883	1.326113063	9.277974306	1.096969698	-0.07594572605	-0.6176804036
884	0.1032294014	-1.105020494	10.76731822	0.05273540893	0.5854766956
885	1.518965584	2.839434911	-1.081773892	-2.119320985	11.07377934
886	10.97709398	-0.2317988357	0.1785993239	-0.8930461587	-1.225036927
887	0.9671629077	8.846099475	1.632325218	1.163362402	-0.6366184315
888	0.8979890289	1.340709505	-0.1892181306	12.99088878	-0.03482420128
889	-1.529931002	-0.6690785052	0.6886314753	-0.2316681499	8.207012486
890	0.3949790719	4.100377615	0.7191518753	9.986656349	0.3665652153
891	-0.6939692467	2.036273853	12.11624336	0.5325129701	-0.2516318175
892	11.65025265	-1.335403911	2.124652769	-1.926302487	3.781294364
893	-3.482822076	2.475600787	-3.029630691	-1.198239334	10.13049859
894	9.663131231	-2.906548828	-0.5830960548	-2.126875587	0.09936579238
895	1.038343884	-0.06501232457	12.50826503	1.347400171	1.947143333
896	-0.4395844907	1.874535272	9.991016246	-1.641279441	-1.08446218
897	0.4884442771	10.80569168	0.2359811743	3.965499119	0.500690846
898	10.73986869	-0.4935817546	-1.600842398	-0.6146588573	0.2868712194
899	11.32640473	-1.595390911	-0.1003927417	0.2655092195	-0.7126841896
900	-0.169241464	12.22928944	0.196797187	1.74739834	1.579579388
901	1.103400816	-0.9555952144	-1.223822868	-1.56301057	9.744293633
902	-0.5168485231	1.172240334	11.17127827	2.152074039	0.1311679172
903	1.356447749	0.3715042327	0.766506782	10.02015469	-0.6684023299
904	-1.032616172	-1.383469762	11.13957697	0.2190077955	0.6949086891
905	9.330175496	0.6892099816	0.4663800676	-1.581227076	0.647001126
906	-2.240624379	2.260950621	0.3438712256	1.220792247	8.503271984
907	9.018413008	-1.974088366	-1.209640227	0.7699031292	-0.4184518619
908	-0.6157449519	8.358322727	-0.8188606593	-1.104359539	-0.6893275213
909	0.01099438348	-0.8692389997	10.30813106	-2.016746775	-2.416195861
910	0.1566643543	0.8326619181	11.3330624	0.502245683	-1.741310851
911	-0.8761260938	0.3701774474	-3.234911983	0.3694203168	10.48452668
912	3.847195631	2.628720042	11.5960452	-1.848463565	-1.207477697
913	-0.9797740998	0.3798970681	1.498270131	12.33797797	-4.527808354
914	0.08501570631	-0.1444334263	0.001343366922	-0.03196316278	10.19040183
915	-1.467662415	-0.3912063289	-1.252669912	0.08655802274	9.808707
916	1.269287774	-1.089719059	0.2681515666	7.841465599	-3.252714009
917	1.536791458	10.3366569	0.4610018162	-0.9749775919	2.021964489
918	-1.076520429	0.005941919164	-1.15901234	8.331197673	0.3052037272
919	0.1863259622	-1.484245683	10.15232803	1.105028404	-1.968020096
920	-2.44935344	1.832200467	0.2078314874	8.332784859	0.3650690879
921	2.484377963	0.4887587763	0.852635936	10.02710963	-1.072240109
922	0.6643317548	2.685350086	0.4612265794	6.000952462	-0.1516293415
923	-1.503672538	-0.6683932672	-0.1222975843	1.435446325	11.58406832
924	0.9460459021	8.465834417	0.9734759175	-0.932524472	1.433874093
925	1.776785607	1.987267548	7.565925291	-1.389480696	-1.281658893
926	1.246478485	0.210938899	-0.6743788272	-0.7771091953	7.987325843
927	-0.5242836416	9.075278349	0.02757841765	-2.456396483	-2.275022709
928	-0.8620907226	-1.319244115	-1.112031007	12.12877069	1.523113317
929	2.042308574	-2.714964769	-0.5260388277	1.003195084	11.68564282
930	-1.704240771	11.15063185	-1.148963513	-1.529806984	-0.8374639822
931	-0.1184605979	-2.661013053	8.669617493	-0.3528924727	0.6815913912
932	1.445038823	8.769908139	-1.117801543	-0.3959181943	-0.3224542376
933	-0.378866848	-2.030640093	-0.0997325508	9.90657741	-0.8152419613
934	0.1243453987	9.863909927	-2.009673701	-0.9054750122	-0.6434784042
935	-0.5768610765	-0.004461912946	0.604979027	-1.332524325	8.742127267
936	10.51481214	-0.4054205089	0.7660329449	0.9418804446	1.345863966
937	0.1005043899	-0.2492143581	9.872723073	1.728688804	-0.7113262943
938	13.04741731	1.063431483	2.1787192	-0.2273844434	0.2586572212
939	8.142449736	-2.394643164	5.707564511	1.081765175	-0.592798229
940	9.236555817	-0.9953192451	-0.3143784638	-1.274032751	1.255133904
941	0.8362503857	12.27229833	2.183698431	2.783493712	-2.128580411
942	-1.300536818	1.343661661	8.660799429	1.86986888	-0.3646964725
943	0.2425135136	-0.5232301513	-0.2473397081	0.5609867557	10.69139583
944	1.048255315	-0.4869310444	10.61009614	0.355827541	-0.5553532316
945	-0.9366771752	0.7106083026	0.1058829652	7.437110077	0.2372755519
946	0.7622048858	9.450798845	1.757437513	-0.8445939556	-0.6761820026
947	0.05432942351	-0.04263874231	6.96608933	2.579023865	0.378692106
948	10.38069627	0.324635291	-2.974628774	0.8999674629	0.5409682696
949	0.1391443026	-0.5591440505	-0.6280902166	-0.5083687671	9.016921002
950	0.1517858135	-2.849701318	8.893726403	0.08654999015	-0.05332472463
951	0.4412251439	8.880964085	2.164213113	-0.9218518884	-0.1149154437
952	7.10541585	-0.06209185367	1.101887451	-1.870791798	-0.6000127167
953	1.049613757	12.13972339	0.7756846735	0.9544634846	-0.3741158747
954	0.004521489731	9.030509248	-1.249360135	0.8571572734	0.004611661399
955	1.519765142	-0.5328175184	-0.08022983437	0.3143447631	9.298916029
956	1.181201841	-0.2088161331	-1.004196465	11.17185954	0.7627397462
957	0.6086037776	-2.347058307	11.00690153	-0.9008846256	-1.245909991
958	-1.198272515	13.03662245	2.334241736	-0.04035693174	0.8338460243
959	-0.05652743234	-2.74361423	10.21469668	0.2939259312	-0.8480525926
960	8.712481899	0.998910092	0.3665150657	0.8096608094	3.72420197
961	0.8657783282	0.6117067751	-2.071998096	1.130637808	9.926056269
962	0.3231532608	10.27982018	-0.6006229006	1.034950487	1.145775272
963	11.23478305	0.8291571302	-0.4032995222	-0.2441085749	-2.227940425
964	10.58552069	0.4462074726	0.01609894578	0.132693422	2.112705845
965	1.114385744	0.9186686106	-0.8559259664	-0.8786409745	12.19199467
966	-1.862426824	2.171341476	1.879899207	9.710402683	2.044440686
967	-1.314985069	-0.6661880528	-2.33762929	-0.4632152018	9.078974093
968	8.27963402	-1.984042843	0.05445378215	-0.09520196939	1.290836563
969	-0.9620026226	-0.4694371937	-0.4217320069	0.3672040185	10.66162303
970	0.7620927238	-1.84129181	1.558415399	-0.5352552941	12.06010328
971	-0.3293365049	-0.7190337062	-0.2048856119	-1.629069311	7.852211723
972	11.33197881	-0.2945080794	0.5481752605	-1.142742204	0.2023175602
973	0.4231300732	9.360831737	-1.746043335	-0.6614684508	0.3839669739
974	2.681128915	-1.007986783	1.734562871	-0.9043791266	10.23975533
975	0.2169282061	0.1056367306	8.796988303	-0.9456611741	5.210355749
976	-0.4024836237	-2.481169496	1.563495456	1.029214293	11.25718758
977	10.42785862	-0.1774623457	0.8750130817	0.7413319988	-0.5016813329
978	8.603512298	1.485284231	2.186450887	1.803887552	-1.204746052
979	1.68983039	-0.6338680832	0.6089792737	1.24315173	9.372399922
980	0.4784358395	12.09628749	1.885094193	-1.73551132	1.184177783
981	13.00593511	0.8537981239	0.6938790234	0.6990266456	-3.356216462
982	10.13383335	-0.5018837004	-1.363002165	1.057924513	-0.5177993534
983	1.061722308	9.212441521	-1.004222885	0.0377877122	1.666109593
984	8.217134507	0.4920513286	-1.599285271	0.5228905978	0.6895502123
985	3.474719487	-1.225346955	-1.554590263	9.017504402	-1.031741536
986	0.787108379	0.1643549735	7.483087011	2.009942822	-2.723061809
987	-0.7857384089	8.562711841	-0.6404212715	-0.164489418	2.687271624
988	0.4900572908	-1.684451973	0.6783295773	8.727781122	2.426059685
989	7.465058408	-1.102704212	-0.6649177923	-0.379911764	0.3291786727
990	0.2549490227	0.9743861071	9.838639255	-0.6330222053	-1.243249914
991	-0.2299244025	-0.8540066162	9.104522164	0.8303778995	-2.021315015
992	-0.2406785727	-1.418070841	0.6936719902	11.5125265	-0.4451319193
993	0.3759480157	-1.870911034	1.917617203	10.90389323	-0.6361925533
994	-3.226738046	0.1714113999	-2.339510053	-0.3675499447	10.11768219
995	1.867670731	3.106760533	-0.8998970607	-2.376443673	10.4601149
996	1.754605972	1.95977687	-0.6821041086	-1.833477776	10.68210893
997	-0.3650014808	1.512812326	-1.553479773	10.35908001	-0.4933882183
998	1.00827733	0.3200366467	0.5942126223	11.18721368	-0.9692086836
999	1.171061075	-0.9882993009	-2.130437018	-1.313329976	8.9052754
1000	-1.76081929	0.3997676262	2.935114651	9.237977896	-1.832829076